1 2 3 4 5 6 7 8 9 10 11 12 13 41 42 43 51 52 53 54 55 56 91 92 93 94 1013 1010 1015 1103 1103 
1 2 3 4 5 6 7 8 9 10 11 41 42 43 31 32 33 34 35 36 37 38 131 1015 1101 1103 
1 2 3 4 5 6 7 8 9 10 11 12 13 31 32 33 34 35 36 51 52 53 54 55 56 57 58 1010 1026 1020 
1 2 3 4 5 6 7 8 9 10 41 42 43 31 32 33 34 35 36 51 52 53 54 55 56 91 92 93 94 1013 1010 1015 1103 
1 2 3 4 5 6 7 8 9 10 11 12 31 32 33 34 35 36 37 38 51 52 53 54 55 56 1013 1026 1020 
1 2 3 4 5 6 7 8 9 10 11 12 13 14 15 16 31 32 33 34 35 51 52 53 54 55 56 57 1013 1010 1025 1101 
1 2 3 4 5 6 7 8 9 10 11 41 42 43 51 52 53 54 55 56 31 32 33 34 35 36 91 92 93 1013 1010 1015 1103 
1 2 3 4 5 6 7 8 9 10 11 12 13 14 31 32 33 34 35 36 37 51 52 53 54 1013 1010 1015 1103 
1 2 3 4 5 6 7 8 9 10 11 12 31 32 33 34 35 36 37 38 51 52 53 54 55 1013 1015 1103 
1 2 3 4 5 6 7 8 9 10 11 12 13 14 15 41 42 43 31 32 33 34 35 51 52 53 54 55 56 1010 1013 1015 1103 
1 2 3 4 5 6 7 8 9 10 11 12 13 31 32 33 34 35 36 37 38 51 52 53 54 1013 1015 1103 
1 2 3 4 5 6 7 8 9 10 11 12 13 14 31 32 33 34 35 36 37 38 51 52 53 54 55 1015 1026 1025 1101 
1 2 3 4 5 6 7 8 9 10 11 12 13 14 15 51 52 53 54 55 31 32 33 34 35 36 1013 1010 1015 1103 
1 2 3 4 5 6 7 8 9 10 11 31 32 33 34 35 36 37 38 51 52 53 1013 1010 1015 1103 
1 2 3 4 5 6 7 8 9 10 11 12 13 41 42 43 31 32 33 34 35 51 52 53 54 55 56 91 92 93 94 1013 1010 1015 1103 
1 2 3 4 5 6 7 8 9 10 11 12 13 14 15 41 42 51 52 53 54 55 56 57 58 31 32 33 34 35 1010 1026 1020 
1 2 3 4 5 6 7 8 9 10 11 12 13 14 41 42 51 52 53 54 55 56 57 58 31 32 33 34 35 91 92 93 94 1010 1026 1020 
1 2 3 4 5 6 7 8 9 10 11 12 13 14 15 16 17 31 32 33 51 52 53 54 91 92 93 94 95 131 132 1013 1024 1025 1101 
1 2 3 4 5 6 7 8 9 10 11 12 13 14 31 32 33 34 35 36 37 38 1010 1013 1015 1103 
1 2 3 4 5 6 7 8 9 10 11 31 32 33 34 35 36 37 38 51 52 53 54 55 56 57 1013 1025 1101 
[EOF]