1 2 3 4 5 6 7 8 9 10 11 12 13 41 42 43 51 52 53 54 55 56 91 92 93 94 1013 1010 1015 1103 1103 
1 2 3 4 5 6 7 8 9 10 11 41 42 43 31 32 33 34 35 36 37 38 131 1015 1101 1103 
1 2 3 4 5 6 7 8 9 10 11 12 51 52 53 54 55 56 91 92 93 94 95 96 1020 1017 1025 1103 1105 1101 
1 2 3 4 5 6 7 8 9 10 11 12 31 32 33 34 35 36 37 38 141 142 51 52 53 54 55 1024 1007 1025 1101 1101 
1 2 3 4 5 6 7 8 9 10 11 12 13 14 41 42 43 44 45 46 47 31 32 33 34 51 52 53 54 55 1013 1026 1020 1104 
1 2 3 4 5 6 7 8 9 10 11 12 13 31 32 33 34 51 52 53 54 55 131 132 1018 1007 1015 1103 
1 2 3 4 5 6 7 8 9 10 11 12 13 14 15 41 42 43 51 52 53 54 55 56 91 92 93 94 1013 1009 1015 1103 1103 
1 2 3 4 5 6 7 8 9 10 11 12 13 14 31 32 33 34 91 92 93 94 95 96 97 98 1025 1102 1101 1101 
1 2 3 4 5 6 7 8 9 10 11 12 13 14 15 16 41 42 43 31 32 33 34 51 52 53 54 131 132 1007 1026 1015 1103 
1 2 3 4 5 6 7 8 9 10 11 12 13 14 91 92 93 94 95 96 97 98 1026 1020 1101 1104 1105 
1 2 3 4 5 6 7 8 9 10 11 12 13 14 41 42 43 51 52 53 54 91 92 93 94 95 96 97 98 1014 1025 1105 1104 1101 
1 2 3 4 5 6 7 8 9 10 11 12 13 41 42 43 44 51 52 53 54 31 32 33 34 35 36 37 38 1020 1015 1025 1101 
1 2 3 4 5 6 7 8 9 10 11 12 51 52 53 54 55 31 32 33 34 35 36 37 38 1020 1024 1025 1101 
1 2 3 4 5 6 7 8 9 10 11 12 13 14 91 92 93 94 95 96 97 1026 1020 1104 1102 1103 
1 2 3 4 5 6 7 8 9 10 11 12 13 51 52 53 54 55 56 57 58 59 1026 1005 1025 1101 
1 2 3 4 5 6 7 8 9 10 31 32 33 34 35 36 37 38 51 52 53 91 92 93 1024 1007 1015 1104 1103 1103 
1 2 3 4 5 6 7 8 9 10 11 12 13 14 51 52 53 54 55 56 57 58 59 1009 1003 1025 1101 
1 2 3 4 5 6 7 8 9 10 11 12 13 14 15 51 52 53 54 55 56 91 92 93 94 1004 1008 1015 1103 1103 
1 2 3 4 5 6 7 8 9 10 11 12 13 14 41 42 91 92 93 94 95 96 97 1026 1020 1104 1103 1102 
1 2 3 4 5 6 7 8 9 10 11 12 13 14 15 16 41 42 43 51 52 53 54 55 56 91 92 93 1019 1003 1015 1101 1103 
[EOF]