1 8 7 6 5 4 3 2 9 (20)
32 31 34 33 1 8 7 6 5 4 3 2 9 (19)
32 31 34 33 1 8 7 6 5 4 3 2 9 51 53 52 (18)
35 32 31 34 33 1 8 7 6 5 4 3 2 9 (18)
36 35 32 31 34 33 1 8 7 6 5 4 3 2 9 (17)
35 32 31 34 33 1 8 7 6 5 4 3 2 9 10 11 (16)
35 32 31 34 33 1 8 7 6 5 4 3 2 9 10 11 51 53 52 (15)
36 35 32 31 34 33 1 8 7 6 5 4 3 2 9 10 11 (15)
12 9 2 3 4 5 6 7 8 1 53 52 51 11 10 (15)
36 35 32 31 34 33 1 8 7 6 5 4 3 2 9 54 53 52 51 (14)
12 9 2 3 4 5 6 7 8 1 53 52 51 11 10 54 (14)
55 9 2 3 4 5 6 7 8 1 53 52 51 54 (14)
1015 9 2 3 4 5 6 7 8 1 1103 (13)
36 35 32 31 34 33 1 8 7 6 5 4 3 2 9 54 53 52 51 10 11 (12)
12 9 2 3 4 5 6 7 8 1 53 52 51 11 10 36 33 34 31 32 35 (12)
55 9 2 3 4 5 6 7 8 1 53 52 51 54 36 33 34 31 32 35 (12)
55 9 2 3 4 5 6 7 8 1 53 52 51 54 12 11 10 (12)
1010 9 2 3 4 5 6 7 8 1 53 52 51 (12)
1013 9 2 3 4 5 6 7 8 1 53 52 51 (12)
12 9 2 3 4 5 6 7 8 1 53 52 51 11 10 36 33 34 31 32 35 54 (11)
13 9 2 3 4 5 6 7 8 1 53 52 51 11 10 12 (11)
55 9 2 3 4 5 6 7 8 1 53 52 51 54 12 11 10 36 33 34 31 32 35 (10)
1015 9 2 3 4 5 6 7 8 1 1103 36 33 34 31 32 35 (10)
1010 9 2 3 4 5 6 7 8 1 53 52 51 1015 1103 (10)
1013 9 2 3 4 5 6 7 8 1 53 52 51 1010 (10)
37 9 2 3 4 5 6 7 8 1 33 34 31 32 35 36 (10)
13 9 2 3 4 5 6 7 8 1 53 52 51 11 10 12 1015 1103 (9)
1010 9 2 3 4 5 6 7 8 1 53 52 51 1015 1103 12 11 10 (8)
42 9 2 3 4 5 6 7 8 1 41 (8)
1010 9 2 3 4 5 6 7 8 1 53 52 51 1015 1103 55 54 (7)
13 9 2 3 4 5 6 7 8 1 53 52 51 11 10 12 1010 1103 1015 (7)
13 9 2 3 4 5 6 7 8 1 53 52 51 11 10 12 1013 1103 1015 (7)
38 9 2 3 4 5 6 7 8 1 33 34 31 32 35 36 37 (7)
43 9 2 3 4 5 6 7 8 1 11 10 1103 1015 41 42 (7)
1010 9 2 3 4 5 6 7 8 1 53 52 51 1015 1103 55 54 12 11 10 (6)
13 9 2 3 4 5 6 7 8 1 53 52 51 11 10 12 1010 1103 1015 54 (6)
13 9 2 3 4 5 6 7 8 1 53 52 51 11 10 12 1013 1103 1015 54 (6)
13 9 2 3 4 5 6 7 8 1 53 52 51 11 10 12 1013 1103 1015 1010 (6)
37 9 2 3 4 5 6 7 8 1 33 34 31 32 35 36 55 53 52 51 54 (6)
13 9 2 3 4 5 6 7 8 1 53 52 51 11 10 12 1010 1103 1015 54 32 33 34 31 (5)
13 9 2 3 4 5 6 7 8 1 53 52 51 11 10 12 1013 1103 1015 54 32 33 34 31 (5)
13 9 2 3 4 5 6 7 8 1 53 52 51 11 10 12 1013 1103 1015 1010 54 (5)
37 9 2 3 4 5 6 7 8 1 33 34 31 32 35 36 1015 1103 (5)
1101 9 2 3 4 5 6 7 8 1 33 34 31 32 11 10 35 36 (5)
93 9 2 3 4 5 6 7 8 1 53 52 51 11 10 54 12 91 92 (5)
14 9 2 3 4 5 6 7 8 1 33 53 52 51 34 31 32 11 10 12 1103 1015 13 (5)
94 9 2 3 4 5 6 7 8 1 53 52 51 11 10 54 12 91 92 93 (5)
1010 9 2 3 4 5 6 7 8 1 53 52 51 1015 1103 55 54 12 11 10 36 33 34 31 32 35 (4)
13 9 2 3 4 5 6 7 8 1 53 52 51 11 10 12 1013 1103 1015 1010 54 32 33 34 31 (4)
37 9 2 3 4 5 6 7 8 1 33 34 31 32 35 36 1010 53 52 51 (4)
37 9 2 3 4 5 6 7 8 1 33 34 31 32 35 36 1013 53 52 51 (4)
37 9 2 3 4 5 6 7 8 1 33 34 31 32 35 36 13 53 52 51 11 10 12 (4)
38 9 2 3 4 5 6 7 8 1 33 34 31 32 35 36 37 55 53 52 51 11 10 54 (4)
93 9 2 3 4 5 6 7 8 1 53 52 51 11 10 54 12 91 92 43 55 1103 1015 56 13 41 42 (4)
14 9 2 3 4 5 6 7 8 1 33 53 52 51 34 31 32 11 10 12 1103 1015 13 1010 (4)
15 9 2 3 4 5 6 7 8 1 33 53 52 51 34 31 32 11 10 12 1103 1015 1013 13 14 (4)
1025 9 2 3 4 5 6 7 8 1 33 53 52 51 34 31 32 11 10 35 54 36 55 1101 (4)
94 9 2 3 4 5 6 7 8 1 53 52 51 11 10 54 12 91 92 93 43 55 1103 1015 56 13 41 42 (4)
37 9 2 3 4 5 6 7 8 1 33 34 31 32 35 36 1013 53 52 51 1010 1103 1015 (3)
42 9 2 3 4 5 6 7 8 1 41 37 33 34 31 32 35 36 (3)
93 9 2 3 4 5 6 7 8 1 53 52 51 11 10 54 12 91 92 43 55 1103 1015 56 13 41 42 1013 (3)
15 9 2 3 4 5 6 7 8 1 33 53 52 51 34 31 32 11 10 12 1103 1015 1013 13 14 54 (3)
15 9 2 3 4 5 6 7 8 1 33 53 52 51 34 31 32 11 10 12 1103 1015 1013 13 14 1010 (3)
94 9 2 3 4 5 6 7 8 1 53 52 51 11 10 54 12 91 92 93 43 55 1103 1015 56 13 41 42 1010 (3)
94 9 2 3 4 5 6 7 8 1 53 52 51 11 10 54 12 91 92 93 43 55 1103 1015 56 13 41 42 1013 1010 (3)
1026 9 2 3 4 5 6 7 8 1 33 53 52 51 34 31 32 35 54 36 (3)
131 9 2 3 4 5 6 7 8 1 33 34 31 32 35 36 37 38 (3)
57 9 2 3 4 5 6 7 8 1 33 53 52 51 34 31 32 11 10 35 54 36 12 55 56 1101 1025 (3)
1020 9 2 3 4 5 6 7 8 1 33 53 52 51 34 31 32 35 54 36 1026 (3)
37 9 2 3 4 5 6 7 8 1 33 34 31 32 35 36 1010 53 52 51 55 54 (2)
37 9 2 3 4 5 6 7 8 1 33 34 31 32 35 36 1013 53 52 51 54 (2)
38 9 2 3 4 5 6 7 8 1 33 34 31 32 35 36 37 1103 11 10 (2)
38 9 2 3 4 5 6 7 8 1 33 34 31 32 35 36 37 1015 11 10 1103 (2)
38 9 2 3 4 5 6 7 8 1 33 34 31 32 35 36 37 1010 53 52 51 11 10 (2)
38 9 2 3 4 5 6 7 8 1 33 34 31 32 35 36 37 1013 53 52 51 (2)
38 9 2 3 4 5 6 7 8 1 33 34 31 32 35 36 37 41 (2)
38 9 2 3 4 5 6 7 8 1 33 34 31 32 35 36 37 42 41 (2)
93 9 2 3 4 5 6 7 8 1 53 52 51 11 10 54 12 91 92 43 55 1103 1015 56 13 41 42 1013 1010 (2)
15 9 2 3 4 5 6 7 8 1 33 53 52 51 34 31 32 11 10 12 1103 1015 1013 13 14 1010 36 35 (2)
131 9 2 3 4 5 6 7 8 1 33 34 31 32 35 36 37 38 41 (2)
131 9 2 3 4 5 6 7 8 1 33 34 31 32 35 36 37 38 42 41 (2)
57 9 2 3 4 5 6 7 8 1 33 53 52 51 34 31 32 11 10 35 54 36 12 55 56 1101 1025 38 13 37 (2)
1020 9 2 3 4 5 6 7 8 1 33 53 52 51 34 31 32 35 54 36 1026 37 (2)
1020 9 2 3 4 5 6 7 8 1 33 53 52 51 34 31 32 35 54 36 1026 38 37 (2)
38 9 2 3 4 5 6 7 8 1 33 34 31 32 35 36 37 1013 53 52 51 1010 11 10 1103 1015 (1)
15 9 2 3 4 5 6 7 8 1 33 53 52 51 34 31 32 11 10 12 1103 1015 1013 13 14 37 35 36 1010 (1)
15 9 2 3 4 5 6 7 8 1 33 53 52 51 34 31 32 11 10 12 1103 1015 1013 13 14 93 35 54 36 55 56 41 42 43 91 92 (1)
94 9 2 3 4 5 6 7 8 1 53 52 51 11 10 54 12 91 92 93 43 55 1103 1015 56 13 41 42 37 33 34 31 32 35 36 (1)
131 9 2 3 4 5 6 7 8 1 33 34 31 32 35 36 37 38 1025 53 52 51 11 10 54 55 1101 (1)
1020 9 2 3 4 5 6 7 8 1 33 53 52 51 34 31 32 35 54 36 1026 38 37 1010 11 10 12 55 (1)
1020 9 2 3 4 5 6 7 8 1 33 53 52 51 34 31 32 35 54 36 1026 131 1013 37 41 42 38 (1)
58 9 2 3 4 5 6 7 8 1 33 53 52 51 34 31 32 11 10 35 54 36 12 55 1010 1013 56 1101 1025 57 (1)
1014 9 2 3 4 5 6 7 8 1 33 53 52 51 34 31 32 11 10 35 54 36 12 91 92 93 94 1026 1020 95 96 97 98 (1)
19 9 2 3 4 5 6 7 8 1 33 53 52 51 34 31 32 11 10 54 12 1103 1015 1010 1013 13 14 15 20 18 17 16 (1)
