10 9 8 7 6 5 4 3 2 1 (20)
31 32 33 10 9 8 7 6 5 4 3 2 1 (19)
35 34 31 32 33 10 9 8 7 6 5 4 3 2 1 (18)
54 52 53 51 10 9 8 7 6 5 4 3 2 1 (17)
1013 10 9 8 7 6 5 4 3 2 1 (15)
1013 10 9 8 7 6 5 4 3 2 1 54 51 53 52 (13)
1013 10 9 8 7 6 5 4 3 2 1 54 51 53 52 34 33 32 31 (11)
1013 10 9 8 7 6 5 4 3 2 1 54 51 53 52 35 33 32 31 34 (11)
1013 10 9 8 7 6 5 4 3 2 1 12 11 (11)
1013 10 9 8 7 6 5 4 3 2 1 12 11 54 51 53 52 (10)
1013 10 9 8 7 6 5 4 3 2 1 12 11 54 51 53 52 35 33 32 31 34 (8)
55 1 2 3 4 5 6 7 8 9 10 51 53 52 54 (14)
55 1 2 3 4 5 6 7 8 9 10 51 53 52 54 35 33 32 31 34 (13)
55 1 2 3 4 5 6 7 8 9 10 51 53 52 54 35 33 32 31 34 11 (12)
55 1 2 3 4 5 6 7 8 9 10 51 53 52 54 1013 (10)
1015 1 2 3 4 5 6 7 8 9 10 (13)
1015 1 2 3 4 5 6 7 8 9 10 12 11 (9)
1015 1 2 3 4 5 6 7 8 9 10 1103 (12)
1015 1 2 3 4 5 6 7 8 9 10 1103 1013 (11)
1015 1 2 3 4 5 6 7 8 9 10 1103 1013 12 11 (8)
13 1 2 3 4 5 6 7 8 9 10 11 12 (13)
13 1 2 3 4 5 6 7 8 9 10 11 12 54 51 53 52 (12)
13 1 2 3 4 5 6 7 8 9 10 11 12 54 51 53 52 34 33 32 31 (10)
13 1 2 3 4 5 6 7 8 9 10 11 12 54 51 53 52 35 33 32 31 34 (10)
13 1 2 3 4 5 6 7 8 9 10 11 12 1013 (9)
13 1 2 3 4 5 6 7 8 9 10 11 12 1013 54 51 53 52 (8)
13 1 2 3 4 5 6 7 8 9 10 11 12 1013 54 51 53 52 31 33 32 (7)
13 1 2 3 4 5 6 7 8 9 10 11 12 1013 54 51 53 52 34 33 32 31 (6)
13 1 2 3 4 5 6 7 8 9 10 11 12 1013 54 51 53 52 35 33 32 31 34 (6)
13 1 2 3 4 5 6 7 8 9 10 11 12 55 51 53 52 54 (9)
13 1 2 3 4 5 6 7 8 9 10 11 12 1103 1013 (7)
13 1 2 3 4 5 6 7 8 9 10 11 12 1015 (8)
13 1 2 3 4 5 6 7 8 9 10 11 12 1015 55 51 53 52 54 (5)
36 1 2 3 4 5 6 7 8 9 10 33 32 31 34 35 (13)
36 1 2 3 4 5 6 7 8 9 10 33 32 31 34 35 12 11 (8)
36 1 2 3 4 5 6 7 8 9 10 33 32 31 34 35 1013 (10)
36 1 2 3 4 5 6 7 8 9 10 33 32 31 34 35 1013 12 11 (6)
36 1 2 3 4 5 6 7 8 9 10 33 32 31 34 35 1015 (10)
36 1 2 3 4 5 6 7 8 9 10 33 32 31 34 35 1015 1103 (9)
36 1 2 3 4 5 6 7 8 9 10 33 32 31 34 35 13 11 12 (6)
36 1 2 3 4 5 6 7 8 9 10 33 32 31 34 35 1010 (7)
36 1 2 3 4 5 6 7 8 9 10 33 32 31 34 35 1010 1015 1013 1103 (6)
36 1 2 3 4 5 6 7 8 9 10 33 32 31 34 35 1010 1015 1013 1103 12 11 (3)
36 1 2 3 4 5 6 7 8 9 10 33 32 31 34 35 1010 13 11 12 (4)
56 1 2 3 4 5 6 7 8 9 10 51 53 52 54 55 (11)
56 1 2 3 4 5 6 7 8 9 10 51 53 52 54 55 36 33 32 31 34 35 (5)
37 1 2 3 4 5 6 7 8 9 10 11 33 32 31 34 35 36 (9)
37 1 2 3 4 5 6 7 8 9 10 11 33 32 31 34 35 36 54 51 53 52 (6)
37 1 2 3 4 5 6 7 8 9 10 11 33 32 31 34 35 36 12 (6)
37 1 2 3 4 5 6 7 8 9 10 11 33 32 31 34 35 36 12 54 51 53 52 (5)
37 1 2 3 4 5 6 7 8 9 10 11 33 32 31 34 35 36 1013 (7)
37 1 2 3 4 5 6 7 8 9 10 11 33 32 31 34 35 36 1013 54 51 53 52 (5)
37 1 2 3 4 5 6 7 8 9 10 11 33 32 31 34 35 36 1013 12 (5)
37 1 2 3 4 5 6 7 8 9 10 11 33 32 31 34 35 36 1013 12 54 51 53 52 (4)
37 1 2 3 4 5 6 7 8 9 10 11 33 32 31 34 35 36 1015 (7)
37 1 2 3 4 5 6 7 8 9 10 11 33 32 31 34 35 36 1015 1013 (5)
37 1 2 3 4 5 6 7 8 9 10 11 33 32 31 34 35 36 1015 1103 (6)
37 1 2 3 4 5 6 7 8 9 10 11 33 32 31 34 35 36 1015 1103 1013 (5)
14 1 2 3 4 5 6 7 8 9 10 11 33 32 31 12 13 (9)
14 1 2 3 4 5 6 7 8 9 10 11 33 32 31 12 13 54 51 53 52 (8)
14 1 2 3 4 5 6 7 8 9 10 11 33 32 31 12 13 1015 34 35 (5)
14 1 2 3 4 5 6 7 8 9 10 11 33 32 31 12 13 36 34 35 1015 (4)
14 1 2 3 4 5 6 7 8 9 10 11 33 32 31 12 13 37 34 35 1015 36 (3)
14 1 2 3 4 5 6 7 8 9 10 11 33 32 31 12 13 37 34 35 1015 36 1010 1013 1103 (2)
38 1 2 3 4 5 6 7 8 9 10 11 33 32 31 34 35 36 37 (8)
38 1 2 3 4 5 6 7 8 9 10 11 33 32 31 34 35 36 37 12 (5)
38 1 2 3 4 5 6 7 8 9 10 11 33 32 31 34 35 36 37 1013 (6)
38 1 2 3 4 5 6 7 8 9 10 11 33 32 31 34 35 36 37 1013 12 (4)
38 1 2 3 4 5 6 7 8 9 10 11 33 32 31 34 35 36 37 1015 (6)
38 1 2 3 4 5 6 7 8 9 10 11 33 32 31 34 35 36 37 1015 1013 (4)
38 1 2 3 4 5 6 7 8 9 10 11 33 32 31 34 35 36 37 1015 1103 (5)
38 1 2 3 4 5 6 7 8 9 10 11 33 32 31 34 35 36 37 1015 1103 1013 (4)
38 1 2 3 4 5 6 7 8 9 10 11 33 32 31 34 35 36 37 13 12 1015 (3)
38 1 2 3 4 5 6 7 8 9 10 11 33 32 31 34 35 36 37 13 12 1015 1013 (2)
38 1 2 3 4 5 6 7 8 9 10 11 33 32 31 34 35 36 37 13 12 1015 1103 1013 (2)
42 1 2 3 4 5 6 7 8 9 10 41 (8)
42 1 2 3 4 5 6 7 8 9 10 41 56 51 53 52 54 55 1010 (7)
42 1 2 3 4 5 6 7 8 9 10 41 56 51 53 52 54 55 1010 13 11 12 (5)
42 1 2 3 4 5 6 7 8 9 10 41 56 51 53 52 54 55 1010 13 11 12 35 33 32 31 34 (4)
42 1 2 3 4 5 6 7 8 9 10 41 14 11 33 32 31 51 53 52 34 35 54 12 55 13 1010 56 (3)
43 1 2 3 4 5 6 7 8 9 10 1103 1015 41 42 (6)
43 1 2 3 4 5 6 7 8 9 10 1103 1015 41 42 56 51 53 52 54 1013 55 1010 (5)
43 1 2 3 4 5 6 7 8 9 10 1103 1015 41 42 56 51 53 52 54 1013 55 1010 13 11 12 (3)
43 1 2 3 4 5 6 7 8 9 10 1103 1015 41 42 92 51 53 52 54 1013 55 1010 56 93 91 (4)
43 1 2 3 4 5 6 7 8 9 10 1103 1015 41 42 92 51 53 52 54 1013 55 1010 56 93 91 35 33 32 31 34 (3)
43 1 2 3 4 5 6 7 8 9 10 1103 1015 41 42 92 51 53 52 54 1013 55 1010 56 93 91 36 33 32 31 34 35 (2)
43 1 2 3 4 5 6 7 8 9 10 1103 1015 41 42 92 51 53 52 54 1013 55 1010 56 93 91 36 33 32 31 34 35 11 (1)
15 1 2 3 4 5 6 7 8 9 10 11 33 32 31 51 53 52 54 12 13 14 (5)
15 1 2 3 4 5 6 7 8 9 10 11 33 32 31 51 53 52 54 12 13 14 34 (4)
15 1 2 3 4 5 6 7 8 9 10 11 33 32 31 51 53 52 54 12 13 14 35 34 (4)
15 1 2 3 4 5 6 7 8 9 10 11 33 32 31 51 53 52 54 12 13 14 1013 (4)
15 1 2 3 4 5 6 7 8 9 10 11 33 32 31 51 53 52 54 12 13 14 55 34 35 (4)
15 1 2 3 4 5 6 7 8 9 10 11 33 32 31 51 53 52 54 12 13 14 1103 34 35 1013 55 (2)
15 1 2 3 4 5 6 7 8 9 10 11 33 32 31 51 53 52 54 12 13 14 1015 34 35 1013 55 1103 (2)
15 1 2 3 4 5 6 7 8 9 10 11 33 32 31 51 53 52 54 12 13 14 1010 34 35 55 (4)
15 1 2 3 4 5 6 7 8 9 10 11 33 32 31 51 53 52 54 12 13 14 36 34 35 1013 55 1103 1015 1010 (1)
15 1 2 3 4 5 6 7 8 9 10 11 33 32 31 51 53 52 54 12 13 14 56 34 35 55 1010 (3)
15 1 2 3 4 5 6 7 8 9 10 11 33 32 31 51 53 52 54 12 13 14 41 34 35 55 1010 56 (2)
15 1 2 3 4 5 6 7 8 9 10 11 33 32 31 51 53 52 54 12 13 14 42 34 35 55 1010 56 41 (2)
15 1 2 3 4 5 6 7 8 9 10 11 33 32 31 51 53 52 54 12 13 14 43 34 35 1013 55 1103 1015 1010 56 41 42 (1)
94 1 2 3 4 5 6 7 8 9 10 51 53 52 54 93 91 92 (6)
94 1 2 3 4 5 6 7 8 9 10 51 53 52 54 93 91 92 1013 (5)
94 1 2 3 4 5 6 7 8 9 10 51 53 52 54 93 91 92 13 11 12 (5)
94 1 2 3 4 5 6 7 8 9 10 51 53 52 54 93 91 92 13 11 12 1013 (4)
94 1 2 3 4 5 6 7 8 9 10 51 53 52 54 93 91 92 42 55 1010 56 41 (5)
94 1 2 3 4 5 6 7 8 9 10 51 53 52 54 93 91 92 42 55 1010 56 41 1013 (4)
94 1 2 3 4 5 6 7 8 9 10 51 53 52 54 93 91 92 42 55 1010 56 41 1103 1013 (4)
94 1 2 3 4 5 6 7 8 9 10 51 53 52 54 93 91 92 42 55 1010 56 41 1015 1013 1103 (4)
94 1 2 3 4 5 6 7 8 9 10 51 53 52 54 93 91 92 42 55 1010 56 41 13 11 12 (4)
94 1 2 3 4 5 6 7 8 9 10 51 53 52 54 93 91 92 42 55 1010 56 41 13 11 12 1013 (3)
94 1 2 3 4 5 6 7 8 9 10 51 53 52 54 93 91 92 42 55 1010 56 41 13 11 12 1103 1013 (3)
94 1 2 3 4 5 6 7 8 9 10 51 53 52 54 93 91 92 42 55 1010 56 41 13 11 12 1015 1013 1103 (3)
94 1 2 3 4 5 6 7 8 9 10 51 53 52 54 93 91 92 43 1013 55 1103 1015 1010 56 41 42 (4)
94 1 2 3 4 5 6 7 8 9 10 51 53 52 54 93 91 92 43 1013 55 1103 1015 1010 56 41 42 13 11 12 (3)
94 1 2 3 4 5 6 7 8 9 10 51 53 52 54 93 91 92 43 1013 55 1103 1015 1010 56 41 42 13 11 12 35 33 32 31 34 (1)
94 1 2 3 4 5 6 7 8 9 10 51 53 52 54 93 91 92 43 1013 55 1103 1015 1010 56 41 42 36 33 32 31 34 35 (1)
1101 1 2 3 4 5 6 7 8 9 10 11 33 32 31 (5)
57 1 2 3 4 5 6 7 8 9 10 11 33 32 31 51 53 52 34 35 54 55 56 (5)
57 1 2 3 4 5 6 7 8 9 10 11 33 32 31 51 53 52 34 35 54 55 56 1101 1013 (2)
1026 1 2 3 4 5 6 7 8 9 10 11 33 32 31 51 53 52 34 35 54 12 55 (5)
1026 1 2 3 4 5 6 7 8 9 10 11 33 32 31 51 53 52 34 35 54 12 55 36 (3)
1026 1 2 3 4 5 6 7 8 9 10 11 33 32 31 51 53 52 34 35 54 12 55 38 36 37 (2)
1025 1 2 3 4 5 6 7 8 9 10 11 33 32 31 51 53 52 54 1101 (4)
1025 1 2 3 4 5 6 7 8 9 10 11 33 32 31 51 53 52 54 1101 38 34 35 55 36 37 (2)
1025 1 2 3 4 5 6 7 8 9 10 11 33 32 31 51 53 52 54 1101 1026 34 35 12 55 1015 13 36 37 14 38 (1)
1020 1 2 3 4 5 6 7 8 9 10 11 33 32 31 51 53 52 34 35 54 12 55 56 1026 (4)
1020 1 2 3 4 5 6 7 8 9 10 11 33 32 31 51 53 52 34 35 54 12 55 56 1026 38 1013 36 37 (1)
58 1 2 3 4 5 6 7 8 9 10 11 33 32 31 51 53 52 34 35 54 12 55 13 1010 56 57 1026 1020 (3)
58 1 2 3 4 5 6 7 8 9 10 11 33 32 31 51 53 52 34 35 54 12 55 13 1010 56 57 1026 1020 36 (1)
58 1 2 3 4 5 6 7 8 9 10 11 33 32 31 51 53 52 34 35 54 12 55 13 1010 56 57 1026 1020 15 14 41 42 (1)
58 1 2 3 4 5 6 7 8 9 10 11 33 32 31 51 53 52 34 35 54 12 55 13 1010 56 57 1026 1020 94 14 41 42 93 91 92 (1)
16 1 2 3 4 5 6 7 8 9 10 11 33 32 31 51 53 52 54 12 1013 13 14 15 1101 1025 (2)
16 1 2 3 4 5 6 7 8 9 10 11 33 32 31 51 53 52 54 12 1013 13 14 15 1101 1025 57 34 35 55 1010 56 (1)
131 1 2 3 4 5 6 7 8 9 10 11 33 32 31 1101 (2)
131 1 2 3 4 5 6 7 8 9 10 11 33 32 31 1101 43 34 35 1103 1015 36 37 38 41 42 (1)
17 1 2 3 4 5 6 7 8 9 10 11 33 32 31 51 53 52 54 12 1013 13 14 93 91 92 15 94 1101 1025 16 131 1024 132 95 (1)
