10 9 8 7 5 3 1 2 4 6 (20)
11 10 9 8 7 5 3 1 2 4 6 (19)
12 11 10 9 8 7 5 3 1 2 4 6 (18)
51 52 53 10 9 8 7 5 3 1 2 4 6 (15)
13 12 11 10 9 8 7 5 3 1 2 4 6 (15)
54 51 52 53 12 11 10 9 8 7 5 3 1 2 4 6 (14)
1103 10 9 8 7 5 3 1 2 4 6 (11)
54 51 52 53 12 11 10 9 8 7 5 3 1 2 4 6 13 (11)
1101 11 10 9 8 7 5 3 1 2 4 6 (11)
14 13 12 11 10 9 8 7 5 3 1 2 4 6 (11)
55 54 51 52 53 12 11 10 9 8 7 5 3 1 2 4 6 (11)
92 6 4 2 1 3 5 7 8 9 10 93 91 (11)
33 6 4 2 1 3 5 7 8 9 10 (9)
31 6 4 2 1 3 5 7 8 9 10 33 (9)
32 6 4 2 1 3 5 7 8 9 10 33 31 (9)
34 6 4 2 1 3 5 7 8 9 10 33 31 32 (9)
94 6 4 2 1 3 5 7 8 9 10 11 12 93 91 92 (9)
13 12 11 10 9 8 7 5 3 1 2 4 6 1103 (8)
55 54 51 52 53 12 11 10 9 8 7 5 3 1 2 4 6 13 (8)
92 6 4 2 1 3 5 7 8 9 10 93 91 14 11 12 13 (8)
43 6 4 2 1 3 5 7 8 9 10 11 41 42 (8)
1025 6 4 2 1 3 5 7 8 9 10 11 12 1101 (8)
54 51 52 53 12 11 10 9 8 7 5 3 1 2 4 6 1103 (7)
14 13 12 11 10 9 8 7 5 3 1 2 4 6 54 53 52 51 (7)
94 6 4 2 1 3 5 7 8 9 10 11 12 93 91 92 14 13 (7)
43 6 4 2 1 3 5 7 8 9 10 11 41 42 54 12 53 52 51 13 (7)
1025 6 4 2 1 3 5 7 8 9 10 11 12 1101 54 53 52 51 (7)
56 6 4 2 1 3 5 7 8 9 10 11 12 53 52 51 54 55 (7)
1020 6 4 2 1 3 5 7 8 9 10 11 12 (7)
55 54 51 52 53 12 11 10 9 8 7 5 3 1 2 4 6 1101 (6)
43 6 4 2 1 3 5 7 8 9 10 11 41 42 1015 (6)
1104 6 4 2 1 3 5 7 8 9 10 (6)
95 6 4 2 1 3 5 7 8 9 10 11 12 93 91 92 94 96 (6)
1026 6 4 2 1 3 5 7 8 9 10 11 12 13 (6)
14 13 12 11 10 9 8 7 5 3 1 2 4 6 1101 (5)
34 6 4 2 1 3 5 7 8 9 10 33 31 32 1101 11 (5)
43 6 4 2 1 3 5 7 8 9 10 11 41 42 14 12 53 52 51 13 54 (5)
43 6 4 2 1 3 5 7 8 9 10 11 41 42 1015 54 12 53 52 51 13 (5)
1025 6 4 2 1 3 5 7 8 9 10 11 12 1101 13 (5)
1025 6 4 2 1 3 5 7 8 9 10 11 12 1101 55 53 52 51 54 (5)
1104 6 4 2 1 3 5 7 8 9 10 92 93 91 (5)
97 6 4 2 1 3 5 7 8 9 10 11 12 13 14 93 91 92 94 96 95 (5)
37 6 4 2 1 3 5 7 8 9 10 33 31 32 34 (5)
38 6 4 2 1 3 5 7 8 9 10 33 31 32 34 37 (5)
35 6 4 2 1 3 5 7 8 9 10 33 31 32 34 37 38 (5)
36 6 4 2 1 3 5 7 8 9 10 33 31 32 34 37 38 35 (5)
34 6 4 2 1 3 5 7 8 9 10 33 31 32 1103 (4)
34 6 4 2 1 3 5 7 8 9 10 33 31 32 55 11 12 53 52 51 54 (4)
43 6 4 2 1 3 5 7 8 9 10 11 41 42 55 12 53 52 51 13 54 (4)
43 6 4 2 1 3 5 7 8 9 10 11 41 42 92 12 53 52 51 13 54 93 91 (4)
43 6 4 2 1 3 5 7 8 9 10 11 41 42 33 (4)
43 6 4 2 1 3 5 7 8 9 10 11 41 42 31 33 (4)
43 6 4 2 1 3 5 7 8 9 10 11 41 42 32 33 31 (4)
43 6 4 2 1 3 5 7 8 9 10 11 41 42 34 33 31 32 (4)
1025 6 4 2 1 3 5 7 8 9 10 11 12 1101 33 (4)
1025 6 4 2 1 3 5 7 8 9 10 11 12 1101 31 33 (4)
1025 6 4 2 1 3 5 7 8 9 10 11 12 1101 32 33 31 (4)
1025 6 4 2 1 3 5 7 8 9 10 11 12 1101 34 33 31 32 (4)
1020 6 4 2 1 3 5 7 8 9 10 11 12 1101 (4)
1020 6 4 2 1 3 5 7 8 9 10 11 12 93 (4)
1020 6 4 2 1 3 5 7 8 9 10 11 12 91 93 (4)
1020 6 4 2 1 3 5 7 8 9 10 11 12 92 93 91 (4)
1020 6 4 2 1 3 5 7 8 9 10 11 12 94 93 91 92 (4)
1104 6 4 2 1 3 5 7 8 9 10 1020 11 12 13 14 (4)
95 6 4 2 1 3 5 7 8 9 10 11 12 93 91 92 94 96 1020 (4)
1026 6 4 2 1 3 5 7 8 9 10 11 12 13 1104 14 1020 (4)
97 6 4 2 1 3 5 7 8 9 10 11 12 13 14 93 91 92 94 96 95 1104 (4)
15 6 4 2 1 3 5 7 8 9 10 11 12 53 52 51 1103 13 54 14 1015 (4)
1007 6 4 2 1 3 5 7 8 9 10 53 52 51 33 31 32 34 (4)
1024 6 4 2 1 3 5 7 8 9 10 53 52 51 33 31 32 34 37 38 35 36 (4)
1102 6 4 2 1 3 5 7 8 9 10 11 12 13 14 93 91 92 94 96 95 97 (4)
43 6 4 2 1 3 5 7 8 9 10 11 41 42 14 12 53 52 51 13 54 1103 (3)
43 6 4 2 1 3 5 7 8 9 10 11 41 42 55 12 53 52 51 13 54 14 (3)
43 6 4 2 1 3 5 7 8 9 10 11 41 42 92 12 53 52 51 13 54 93 91 14 (3)
43 6 4 2 1 3 5 7 8 9 10 11 41 42 92 12 53 52 51 13 54 93 91 55 1103 (3)
43 6 4 2 1 3 5 7 8 9 10 11 41 42 1015 1101 (3)
43 6 4 2 1 3 5 7 8 9 10 11 41 42 1015 33 (3)
43 6 4 2 1 3 5 7 8 9 10 11 41 42 1015 31 33 (3)
43 6 4 2 1 3 5 7 8 9 10 11 41 42 1015 32 33 31 (3)
43 6 4 2 1 3 5 7 8 9 10 11 41 42 1015 34 33 31 32 (3)
43 6 4 2 1 3 5 7 8 9 10 11 41 42 94 12 53 52 51 13 54 93 91 92 (3)
56 6 4 2 1 3 5 7 8 9 10 11 12 53 52 51 54 55 1025 1101 (3)
1020 6 4 2 1 3 5 7 8 9 10 11 12 1103 (3)
1020 6 4 2 1 3 5 7 8 9 10 11 12 55 53 52 51 54 (3)
1020 6 4 2 1 3 5 7 8 9 10 11 12 1025 53 52 51 54 1101 (3)
1104 6 4 2 1 3 5 7 8 9 10 92 93 91 1103 (3)
95 6 4 2 1 3 5 7 8 9 10 11 12 93 91 92 94 96 1103 (3)
95 6 4 2 1 3 5 7 8 9 10 11 12 93 91 92 94 96 1020 1103 (3)
1026 6 4 2 1 3 5 7 8 9 10 11 12 13 1104 14 1020 93 (3)
1026 6 4 2 1 3 5 7 8 9 10 11 12 13 1104 14 1020 91 93 (3)
1026 6 4 2 1 3 5 7 8 9 10 11 12 13 1104 14 1020 92 93 91 (3)
1026 6 4 2 1 3 5 7 8 9 10 11 12 13 1104 14 1020 94 93 91 92 (3)
1026 6 4 2 1 3 5 7 8 9 10 11 12 13 96 14 93 91 92 94 1020 1104 (3)
1026 6 4 2 1 3 5 7 8 9 10 11 12 13 95 14 93 91 92 94 1020 1104 96 (3)
97 6 4 2 1 3 5 7 8 9 10 11 12 13 14 93 91 92 94 96 95 1104 1020 (3)
97 6 4 2 1 3 5 7 8 9 10 11 12 13 14 93 91 92 94 96 95 1026 1020 1104 (3)
36 6 4 2 1 3 5 7 8 9 10 33 31 32 34 37 38 35 1015 (3)
36 6 4 2 1 3 5 7 8 9 10 33 31 32 34 37 38 35 1025 11 12 53 52 51 54 1101 (3)
15 6 4 2 1 3 5 7 8 9 10 11 12 53 52 51 1103 13 54 14 1015 56 93 55 91 92 (3)
1007 6 4 2 1 3 5 7 8 9 10 53 52 51 33 31 32 34 54 11 12 (3)
1007 6 4 2 1 3 5 7 8 9 10 53 52 51 33 31 32 34 1015 1103 (3)
1105 6 4 2 1 3 5 7 8 9 10 11 12 1101 93 91 92 94 96 95 (3)
98 6 4 2 1 3 5 7 8 9 10 11 12 13 1101 14 93 91 92 94 96 95 97 (3)
131 6 4 2 1 3 5 7 8 9 10 11 1103 33 31 32 34 1015 (3)
1013 6 4 2 1 3 5 7 8 9 10 11 12 53 52 51 13 54 55 41 42 43 (3)
1024 6 4 2 1 3 5 7 8 9 10 53 52 51 33 31 32 34 37 38 35 36 1007 (3)
1009 6 4 2 1 3 5 7 8 9 10 11 12 53 52 51 13 54 14 55 56 (3)
43 6 4 2 1 3 5 7 8 9 10 11 41 42 94 12 53 52 51 13 54 93 91 92 55 1103 (2)
43 6 4 2 1 3 5 7 8 9 10 11 41 42 94 12 53 52 51 13 54 93 91 92 1015 1103 55 (2)
56 6 4 2 1 3 5 7 8 9 10 11 12 53 52 51 54 55 1025 1101 13 (2)
1020 6 4 2 1 3 5 7 8 9 10 11 12 55 53 52 51 54 1101 (2)
1020 6 4 2 1 3 5 7 8 9 10 11 12 1025 53 52 51 54 1101 55 (2)
36 6 4 2 1 3 5 7 8 9 10 33 31 32 34 37 38 35 1015 1103 (2)
36 6 4 2 1 3 5 7 8 9 10 33 31 32 34 37 38 35 1025 11 12 53 52 51 54 1101 55 (2)
1007 6 4 2 1 3 5 7 8 9 10 53 52 51 33 31 32 34 55 11 12 54 (2)
1007 6 4 2 1 3 5 7 8 9 10 53 52 51 33 31 32 34 37 (2)
1007 6 4 2 1 3 5 7 8 9 10 53 52 51 33 31 32 34 38 37 (2)
1007 6 4 2 1 3 5 7 8 9 10 53 52 51 33 31 32 34 35 37 38 (2)
1007 6 4 2 1 3 5 7 8 9 10 53 52 51 33 31 32 34 36 37 38 35 (2)
1105 6 4 2 1 3 5 7 8 9 10 11 12 1101 93 91 92 94 96 95 1020 (2)
1013 6 4 2 1 3 5 7 8 9 10 11 12 53 52 51 13 54 55 41 42 43 93 1103 (2)
1013 6 4 2 1 3 5 7 8 9 10 11 12 53 52 51 13 54 55 41 42 43 91 1103 93 (2)
1013 6 4 2 1 3 5 7 8 9 10 11 12 53 52 51 13 54 55 41 42 43 92 1103 93 91 (2)
1013 6 4 2 1 3 5 7 8 9 10 11 12 53 52 51 13 54 55 41 42 43 1015 1103 93 91 92 (2)
1013 6 4 2 1 3 5 7 8 9 10 11 12 53 52 51 13 54 55 41 42 43 94 1103 93 91 92 1015 (2)
1013 6 4 2 1 3 5 7 8 9 10 11 12 53 52 51 13 54 55 41 42 43 56 1103 93 91 92 1015 94 (2)
1024 6 4 2 1 3 5 7 8 9 10 53 52 51 33 31 32 34 37 38 35 36 1007 1103 (2)
1024 6 4 2 1 3 5 7 8 9 10 53 52 51 33 31 32 34 37 38 35 36 1007 93 1103 (2)
1024 6 4 2 1 3 5 7 8 9 10 53 52 51 33 31 32 34 37 38 35 36 1007 91 1103 93 (2)
1024 6 4 2 1 3 5 7 8 9 10 53 52 51 33 31 32 34 37 38 35 36 1007 92 1103 93 91 (2)
1024 6 4 2 1 3 5 7 8 9 10 53 52 51 33 31 32 34 37 38 35 36 1007 1015 1103 93 91 92 (2)
1024 6 4 2 1 3 5 7 8 9 10 53 52 51 33 31 32 34 37 38 35 36 1007 1104 1103 93 91 92 1015 (2)
1102 6 4 2 1 3 5 7 8 9 10 11 12 13 14 93 91 92 94 96 95 97 1103 (2)
1102 6 4 2 1 3 5 7 8 9 10 11 12 13 14 93 91 92 94 96 95 97 1020 1103 (2)
1102 6 4 2 1 3 5 7 8 9 10 11 12 13 14 93 91 92 94 96 95 97 1104 1103 1020 (2)
1102 6 4 2 1 3 5 7 8 9 10 11 12 13 14 93 91 92 94 96 95 97 1026 1103 1020 1104 (2)
1102 6 4 2 1 3 5 7 8 9 10 11 12 13 14 93 91 92 94 96 95 97 98 1101 33 31 32 34 1025 (2)
1003 6 4 2 1 3 5 7 8 9 10 11 12 53 52 51 13 54 1101 14 55 56 (2)
57 6 4 2 1 3 5 7 8 9 10 11 12 53 52 51 13 54 1101 55 1025 56 (2)
1009 6 4 2 1 3 5 7 8 9 10 11 12 53 52 51 13 54 14 55 56 1013 1103 93 91 92 41 42 1015 94 43 15 (2)
132 6 4 2 1 3 5 7 8 9 10 11 12 53 52 51 1103 13 54 33 31 32 34 1015 1007 131 (2)
16 6 4 2 1 3 5 7 8 9 10 11 12 53 52 51 1103 13 54 14 41 42 1015 43 15 (2)
59 6 4 2 1 3 5 7 8 9 10 11 12 53 52 51 13 54 1101 55 1025 56 57 (2)
58 6 4 2 1 3 5 7 8 9 10 11 12 53 52 51 13 54 1101 55 1025 56 57 59 (2)
44 6 4 2 1 3 5 7 8 9 10 11 12 53 52 51 13 54 33 31 32 34 41 42 43 1020 (2)
142 6 4 2 1 3 5 7 8 9 10 11 12 53 52 51 54 1101 55 33 31 32 34 1025 37 38 35 36 1007 1024 141 (2)
1010 6 4 2 1 3 5 7 8 9 10 11 12 53 52 51 1103 13 54 93 55 91 92 41 42 1015 94 43 56 1013 (2)
1004 6 4 2 1 3 5 7 8 9 10 11 12 53 52 51 1103 13 54 14 93 55 91 92 1015 94 56 15 1008 (2)
131 6 4 2 1 3 5 7 8 9 10 11 1103 33 31 32 34 1015 36 1101 41 42 43 37 38 35 (1)
1024 6 4 2 1 3 5 7 8 9 10 53 52 51 33 31 32 34 37 38 35 36 1020 11 12 54 1101 55 1025 (1)
1102 6 4 2 1 3 5 7 8 9 10 11 12 13 14 93 91 92 94 96 95 97 1026 1103 1020 1104 42 41 (1)
16 6 4 2 1 3 5 7 8 9 10 11 12 53 52 51 1103 13 54 14 41 42 1015 43 15 132 33 31 32 34 1026 1007 131 (1)
58 6 4 2 1 3 5 7 8 9 10 11 12 53 52 51 13 54 1101 55 1025 56 57 59 1009 14 1003 (1)
44 6 4 2 1 3 5 7 8 9 10 11 12 53 52 51 13 54 33 31 32 34 41 42 43 1020 36 1101 1015 1025 37 38 35 (1)
1019 6 4 2 1 3 5 7 8 9 10 11 12 53 52 51 1103 13 54 1101 14 93 55 91 92 41 42 1015 43 56 15 1003 16 (1)
1018 6 4 2 1 3 5 7 8 9 10 11 12 53 52 51 1103 13 54 55 33 31 32 34 1015 1007 131 132 (1)
1005 6 4 2 1 3 5 7 8 9 10 11 12 53 52 51 13 54 1101 55 1025 56 1026 57 59 58 (1)
45 6 4 2 1 3 5 7 8 9 10 11 12 53 52 51 13 54 14 55 33 31 32 34 41 42 43 1020 1104 1026 1013 44 47 46 (1)
1014 6 4 2 1 3 5 7 8 9 10 11 12 53 52 51 13 54 1101 14 93 91 92 41 42 94 43 1025 1104 96 95 97 1105 98 (1)
1017 6 4 2 1 3 5 7 8 9 10 11 12 53 52 51 1103 54 1101 93 55 91 92 94 1025 56 1020 96 95 1105 (1)
