2 9 8 7 6 5 4 3 1 10 (20)
32 33 31 2 9 8 7 6 5 4 3 1 10 (19)
34 32 33 31 2 9 8 7 6 5 4 3 1 10 (18)
35 34 32 33 31 2 9 8 7 6 5 4 3 1 10 (17)
35 34 32 33 31 2 9 8 7 6 5 4 3 1 10 52 51 (14)
35 34 32 33 31 2 9 8 7 6 5 4 3 1 10 1015 11 1103 (14)
35 34 32 33 31 2 9 8 7 6 5 4 3 1 10 1015 11 1103 52 51 (11)
53 10 1 3 4 5 6 7 8 9 2 51 52 54 (16)
53 10 1 3 4 5 6 7 8 9 2 51 52 54 34 31 33 32 (14)
53 10 1 3 4 5 6 7 8 9 2 51 52 54 1103 11 (13)
53 10 1 3 4 5 6 7 8 9 2 51 52 54 1015 11 1103 (13)
53 10 1 3 4 5 6 7 8 9 2 51 52 54 1015 11 1103 34 31 33 32 (11)
53 10 1 3 4 5 6 7 8 9 2 51 52 54 36 31 33 32 34 35 (12)
53 10 1 3 4 5 6 7 8 9 2 51 52 54 36 31 33 32 34 35 1015 11 1103 (9)
1010 10 1 3 4 5 6 7 8 9 2 (14)
1010 10 1 3 4 5 6 7 8 9 2 53 51 52 54 (12)
1010 10 1 3 4 5 6 7 8 9 2 53 51 52 54 1015 11 1103 (11)
1010 10 1 3 4 5 6 7 8 9 2 53 51 52 54 1015 11 1103 34 31 33 32 (9)
1010 10 1 3 4 5 6 7 8 9 2 53 51 52 54 35 31 33 32 34 (9)
1010 10 1 3 4 5 6 7 8 9 2 53 51 52 54 36 31 33 32 34 35 (8)
1010 10 1 3 4 5 6 7 8 9 2 53 51 52 54 36 31 33 32 34 35 1015 11 1103 (7)
55 10 1 3 4 5 6 7 8 9 2 51 52 54 53 (14)
12 10 1 3 4 5 6 7 8 9 2 11 (13)
37 10 1 3 4 5 6 7 8 9 2 31 33 32 34 35 36 (12)
37 10 1 3 4 5 6 7 8 9 2 31 33 32 34 35 36 1010 (8)
37 10 1 3 4 5 6 7 8 9 2 31 33 32 34 35 36 12 11 (6)
37 10 1 3 4 5 6 7 8 9 2 31 33 32 34 35 36 12 11 1010 1103 1015 (4)
37 10 1 3 4 5 6 7 8 9 2 31 33 32 34 35 36 56 51 52 54 53 55 (4)
37 10 1 3 4 5 6 7 8 9 2 31 33 32 34 35 36 56 51 52 54 53 55 1010 (2)
1013 10 1 3 4 5 6 7 8 9 2 11 1103 1015 (11)
1013 10 1 3 4 5 6 7 8 9 2 11 1103 1015 37 31 33 32 34 35 36 (5)
13 10 1 3 4 5 6 7 8 9 2 11 12 (10)
41 10 1 3 4 5 6 7 8 9 2 11 42 (9)
14 10 1 3 4 5 6 7 8 9 2 31 33 11 32 12 13 (8)
14 10 1 3 4 5 6 7 8 9 2 31 33 11 32 12 13 37 34 35 36 (3)
94 10 1 3 4 5 6 7 8 9 2 11 51 52 54 53 55 12 56 42 41 91 92 93 (7)
94 10 1 3 4 5 6 7 8 9 2 11 51 52 54 53 55 12 56 42 41 91 92 93 1010 1103 1015 (5)
94 10 1 3 4 5 6 7 8 9 2 11 51 52 54 53 55 12 56 42 41 91 92 93 14 31 33 32 13 (4)
94 10 1 3 4 5 6 7 8 9 2 11 51 52 54 53 55 12 56 42 41 91 92 93 14 31 33 32 13 1103 (3)
94 10 1 3 4 5 6 7 8 9 2 11 51 52 54 53 55 12 56 42 41 91 92 93 14 31 33 32 13 1015 1103 (3)
94 10 1 3 4 5 6 7 8 9 2 11 51 52 54 53 55 12 56 42 41 91 92 93 14 31 33 32 13 1010 1103 1015 (2)
94 10 1 3 4 5 6 7 8 9 2 11 51 52 54 53 55 12 56 42 41 91 92 93 14 31 33 32 13 1013 1103 1015 (3)
94 10 1 3 4 5 6 7 8 9 2 11 51 52 54 53 55 12 56 42 41 91 92 93 14 31 33 32 13 43 1103 1015 1013 (3)
94 10 1 3 4 5 6 7 8 9 2 11 51 52 54 53 55 12 56 42 41 91 92 93 14 31 33 32 13 43 1103 1015 1013 1010 (2)
94 10 1 3 4 5 6 7 8 9 2 11 51 52 54 53 55 12 56 42 41 91 92 93 14 31 33 32 13 43 1103 1015 1013 1010 34 (1)
15 10 1 3 4 5 6 7 8 9 2 31 33 11 32 12 13 14 (5)
15 10 1 3 4 5 6 7 8 9 2 31 33 11 32 12 13 14 56 51 52 54 53 55 (3)
15 10 1 3 4 5 6 7 8 9 2 31 33 11 32 12 13 14 56 51 52 54 53 55 34 (2)
15 10 1 3 4 5 6 7 8 9 2 31 33 11 32 12 13 14 56 51 52 54 53 55 35 34 (2)
15 10 1 3 4 5 6 7 8 9 2 31 33 11 32 12 13 14 37 34 35 36 (3)
15 10 1 3 4 5 6 7 8 9 2 31 33 11 32 12 13 14 94 1103 51 52 1015 54 53 1010 55 56 1013 42 41 43 91 92 93 (1)
38 10 1 3 4 5 6 7 8 9 2 31 33 11 32 34 35 36 37 (5)
38 10 1 3 4 5 6 7 8 9 2 31 33 11 32 34 35 36 37 1013 1103 1015 (2)
1101 10 1 3 4 5 6 7 8 9 2 31 33 32 34 35 36 37 (3)
1025 10 1 3 4 5 6 7 8 9 2 31 33 32 34 51 52 35 36 54 53 55 56 37 1101 (2)
1025 10 1 3 4 5 6 7 8 9 2 31 33 32 34 51 52 35 36 54 53 55 56 37 1101 38 11 12 13 14 15 (1)
131 10 1 3 4 5 6 7 8 9 2 31 33 11 32 34 1103 1015 35 36 37 38 (2)
131 10 1 3 4 5 6 7 8 9 2 31 33 11 32 34 1103 1015 35 36 37 38 1013 (1)
131 10 1 3 4 5 6 7 8 9 2 31 33 11 32 34 1103 1015 35 36 37 38 1101 42 41 43 (1)
1005 10 1 3 4 5 6 7 8 9 2 31 33 32 34 51 52 35 36 54 53 1010 55 56 37 1101 1025 57 (1)
1011 10 1 3 4 5 6 7 8 9 2 31 33 11 32 34 1103 51 52 1015 35 36 54 53 1010 55 37 (1)
1020 10 1 3 4 5 6 7 8 9 2 31 33 11 32 34 51 52 35 36 54 53 55 12 56 13 42 41 91 92 93 14 94 57 58 1026 95 (1)
