2 8 7 6 5 4 3 1 9 (20)
33 31 32 2 8 7 6 5 4 3 1 9 (19)
11 10 2 8 7 6 5 4 3 1 9 (18)
11 10 2 8 7 6 5 4 3 1 9 33 32 31 (17)
34 33 31 32 2 8 7 6 5 4 3 1 9 (17)
34 33 31 32 2 8 7 6 5 4 3 1 9 11 10 (15)
1013 2 8 7 6 5 4 3 1 9 (16)
1013 2 8 7 6 5 4 3 1 9 51 52 (13)
1013 2 8 7 6 5 4 3 1 9 51 52 34 32 31 33 (11)
1013 2 8 7 6 5 4 3 1 9 35 32 31 33 34 (13)
1013 2 8 7 6 5 4 3 1 9 35 32 31 33 34 51 52 (10)
1013 2 8 7 6 5 4 3 1 9 35 32 31 33 34 51 52 11 10 (8)
53 54 51 52 2 8 7 6 5 4 3 1 9 (15)
53 54 51 52 2 8 7 6 5 4 3 1 9 34 32 31 33 (12)
53 54 51 52 2 8 7 6 5 4 3 1 9 35 32 31 33 34 (11)
12 9 1 3 4 5 6 7 8 2 10 11 (13)
36 9 1 3 4 5 6 7 8 2 32 31 33 34 35 (12)
36 9 1 3 4 5 6 7 8 2 32 31 33 34 35 1103 (7)
36 9 1 3 4 5 6 7 8 2 32 31 33 34 35 12 10 11 (5)
36 9 1 3 4 5 6 7 8 2 32 31 33 34 35 12 10 11 1103 (3)
36 9 1 3 4 5 6 7 8 2 32 31 33 34 35 1015 1103 (7)
36 9 1 3 4 5 6 7 8 2 32 31 33 34 35 1015 1103 1013 (5)
36 9 1 3 4 5 6 7 8 2 32 31 33 34 35 55 10 11 52 51 54 53 (4)
36 9 1 3 4 5 6 7 8 2 32 31 33 34 35 55 10 11 52 51 54 53 1015 1103 (3)
1010 9 1 3 4 5 6 7 8 2 (12)
1010 9 1 3 4 5 6 7 8 2 36 32 31 33 34 35 1013 1103 1015 (4)
42 9 1 3 4 5 6 7 8 2 10 43 41 (11)
42 9 1 3 4 5 6 7 8 2 10 43 41 36 32 31 33 34 35 (5)
38 9 1 3 4 5 6 7 8 2 32 31 33 34 35 36 (10)
37 9 1 3 4 5 6 7 8 2 32 31 33 34 35 36 38 (10)
37 9 1 3 4 5 6 7 8 2 32 31 33 34 35 36 38 1013 (8)
37 9 1 3 4 5 6 7 8 2 32 31 33 34 35 36 38 53 52 51 54 (5)
37 9 1 3 4 5 6 7 8 2 32 31 33 34 35 36 38 1103 (6)
37 9 1 3 4 5 6 7 8 2 32 31 33 34 35 36 38 1015 1103 (6)
37 9 1 3 4 5 6 7 8 2 32 31 33 34 35 36 38 1015 1103 1013 (4)
37 9 1 3 4 5 6 7 8 2 32 31 33 34 35 36 38 1010 1013 1103 1015 (3)
37 9 1 3 4 5 6 7 8 2 32 31 33 34 35 36 38 1010 1013 1103 1015 53 52 51 54 (1)
56 9 1 3 4 5 6 7 8 2 10 11 52 51 54 53 55 (10)
56 9 1 3 4 5 6 7 8 2 10 11 52 51 54 53 55 42 43 41 (8)
56 9 1 3 4 5 6 7 8 2 10 11 52 51 54 53 55 42 43 41 1010 (7)
56 9 1 3 4 5 6 7 8 2 10 11 52 51 54 53 55 42 43 41 1010 1013 (6)
56 9 1 3 4 5 6 7 8 2 10 11 52 51 54 53 55 13 12 1010 (7)
56 9 1 3 4 5 6 7 8 2 10 11 52 51 54 53 55 13 12 1010 42 43 41 (5)
56 9 1 3 4 5 6 7 8 2 10 11 52 51 54 53 55 13 12 1010 42 43 41 1013 (4)
14 9 1 3 4 5 6 7 8 2 32 10 31 33 11 12 13 (8)
14 9 1 3 4 5 6 7 8 2 32 10 31 33 11 12 13 36 34 35 (3)
14 9 1 3 4 5 6 7 8 2 32 10 31 33 11 12 13 38 34 35 36 (3)
14 9 1 3 4 5 6 7 8 2 32 10 31 33 11 12 13 37 34 35 36 38 (3)
14 9 1 3 4 5 6 7 8 2 32 10 31 33 11 12 13 56 52 51 54 53 55 1010 (5)
1101 9 1 3 4 5 6 7 8 2 32 10 31 33 (8)
1025 9 1 3 4 5 6 7 8 2 32 10 31 33 1101 (7)
1025 9 1 3 4 5 6 7 8 2 32 10 31 33 1101 36 34 35 1013 (4)
1025 9 1 3 4 5 6 7 8 2 32 10 31 33 1101 38 34 35 1013 36 (3)
1025 9 1 3 4 5 6 7 8 2 32 10 31 33 1101 37 34 35 1013 36 38 (3)
91 9 1 3 4 5 6 7 8 2 10 11 52 51 54 53 55 43 41 42 56 92 93 (6)
91 9 1 3 4 5 6 7 8 2 10 11 52 51 54 53 55 43 41 42 56 92 93 12 (5)
91 9 1 3 4 5 6 7 8 2 10 11 52 51 54 53 55 43 41 42 56 92 93 12 1013 (4)
91 9 1 3 4 5 6 7 8 2 10 11 52 51 54 53 55 43 41 42 56 92 93 12 1103 1013 (3)
91 9 1 3 4 5 6 7 8 2 10 11 52 51 54 53 55 43 41 42 56 92 93 1015 1013 1103 (4)
91 9 1 3 4 5 6 7 8 2 10 11 52 51 54 53 55 43 41 42 56 92 93 1010 (5)
91 9 1 3 4 5 6 7 8 2 10 11 52 51 54 53 55 43 41 42 56 92 93 1010 1015 1013 1103 (4)
91 9 1 3 4 5 6 7 8 2 10 11 52 51 54 53 55 43 41 42 56 92 93 13 12 1010 (3)
91 9 1 3 4 5 6 7 8 2 10 11 52 51 54 53 55 43 41 42 56 92 93 13 12 1010 1013 (2)
91 9 1 3 4 5 6 7 8 2 10 11 52 51 54 53 55 43 41 42 56 92 93 13 12 1010 1103 1013 (2)
91 9 1 3 4 5 6 7 8 2 10 11 52 51 54 53 55 43 41 42 56 92 93 13 12 1010 1015 1013 1103 (2)
94 9 1 3 4 5 6 7 8 2 10 11 52 51 54 53 12 55 43 41 42 56 92 93 91 (5)
94 9 1 3 4 5 6 7 8 2 10 11 52 51 54 53 12 55 43 41 42 56 92 93 91 1013 (4)
94 9 1 3 4 5 6 7 8 2 10 11 52 51 54 53 12 55 43 41 42 56 92 93 91 1103 1013 (3)
94 9 1 3 4 5 6 7 8 2 10 11 52 51 54 53 12 55 43 41 42 56 92 93 91 1015 1013 1103 (3)
94 9 1 3 4 5 6 7 8 2 10 11 52 51 54 53 12 55 43 41 42 56 92 93 91 1010 (4)
94 9 1 3 4 5 6 7 8 2 10 11 52 51 54 53 12 55 43 41 42 56 92 93 91 1010 1013 (3)
94 9 1 3 4 5 6 7 8 2 10 11 52 51 54 53 12 55 43 41 42 56 92 93 91 1010 1103 1013 (3)
94 9 1 3 4 5 6 7 8 2 10 11 52 51 54 53 12 55 43 41 42 56 92 93 91 1010 1015 1013 1103 (3)
94 9 1 3 4 5 6 7 8 2 10 11 52 51 54 53 12 55 43 41 42 56 92 93 91 13 1010 (3)
94 9 1 3 4 5 6 7 8 2 10 11 52 51 54 53 12 55 43 41 42 56 92 93 91 13 1010 1013 (2)
94 9 1 3 4 5 6 7 8 2 10 11 52 51 54 53 12 55 43 41 42 56 92 93 91 13 1010 1103 1013 (2)
94 9 1 3 4 5 6 7 8 2 10 11 52 51 54 53 12 55 43 41 42 56 92 93 91 13 1010 1015 1013 1103 (2)
131 9 1 3 4 5 6 7 8 2 32 10 31 33 34 35 36 38 37 (4)
131 9 1 3 4 5 6 7 8 2 32 10 31 33 34 35 36 38 37 1025 1013 43 41 42 1101 (2)
131 9 1 3 4 5 6 7 8 2 32 10 31 33 34 35 36 38 37 1025 1013 43 41 42 1101 11 (1)
131 9 1 3 4 5 6 7 8 2 32 10 31 33 34 35 36 38 37 1025 1013 43 41 42 1101 53 52 51 54 (1)
58 9 1 3 4 5 6 7 8 2 32 10 31 33 11 52 51 54 53 12 55 56 1101 1025 57 (4)
58 9 1 3 4 5 6 7 8 2 32 10 31 33 11 52 51 54 53 12 55 56 1101 1025 57 13 1010 (3)
58 9 1 3 4 5 6 7 8 2 32 10 31 33 11 52 51 54 53 12 55 56 1101 1025 57 14 1013 1010 13 (2)
15 9 1 3 4 5 6 7 8 2 32 10 31 33 11 52 51 54 53 12 55 1010 13 56 14 (3)
15 9 1 3 4 5 6 7 8 2 32 10 31 33 11 52 51 54 53 12 55 1010 13 56 14 91 34 1013 1103 1015 43 41 42 92 93 (1)
16 9 1 3 4 5 6 7 8 2 32 10 31 33 11 52 51 54 53 12 55 1010 13 56 14 15 (2)
16 9 1 3 4 5 6 7 8 2 32 10 31 33 11 52 51 54 53 12 55 1010 13 56 14 15 58 1013 43 41 42 1101 1025 57 (1)
95 9 1 3 4 5 6 7 8 2 32 10 31 33 11 34 52 51 35 54 53 12 55 43 41 42 56 1101 1025 92 93 91 94 57 58 (2)
95 9 1 3 4 5 6 7 8 2 32 10 31 33 11 34 52 51 35 54 53 12 55 43 41 42 56 1101 1025 92 93 91 94 57 58 36 1013 (1)
95 9 1 3 4 5 6 7 8 2 32 10 31 33 11 34 52 51 35 54 53 12 55 43 41 42 56 1101 1025 92 93 91 94 57 58 13 1010 (1)
1026 9 1 3 4 5 6 7 8 2 32 10 31 33 11 (2)
17 9 1 3 4 5 6 7 8 2 32 10 31 33 11 52 51 54 53 1103 12 1015 55 1010 13 56 14 15 16 1026 (1)
1012 9 1 3 4 5 6 7 8 2 32 10 31 33 11 34 52 51 35 1013 54 53 12 36 38 13 37 14 1101 1025 (1)
1020 9 1 3 4 5 6 7 8 2 32 10 31 33 11 34 35 1013 36 38 37 131 1026 (1)
