9 8 7 6 5 4 3 2 1 (20)
10 9 8 7 6 5 4 3 2 1 (19)
51 52 53 54 9 8 7 6 5 4 3 2 1 (18)
55 51 52 53 54 9 8 7 6 5 4 3 2 1 (17)
51 52 53 54 9 8 7 6 5 4 3 2 1 11 10 (16)
34 33 31 32 9 8 7 6 5 4 3 2 1 (16)
1013 1 2 3 4 5 6 7 8 9 (15)
55 51 52 53 54 9 8 7 6 5 4 3 2 1 33 32 31 (14)
35 1 2 3 4 5 6 7 8 9 32 31 33 34 (14)
36 1 2 3 4 5 6 7 8 9 32 31 33 34 35 (14)
12 1 2 3 4 5 6 7 8 9 10 11 13 (14)
1010 1 2 3 4 5 6 7 8 9 10 11 (13)
55 51 52 53 54 9 8 7 6 5 4 3 2 1 33 32 31 11 10 (12)
1013 1 2 3 4 5 6 7 8 9 34 32 31 33 (12)
1013 1 2 3 4 5 6 7 8 9 1015 54 53 52 51 1103 (12)
1010 1 2 3 4 5 6 7 8 9 10 11 1013 (12)
34 33 31 32 9 8 7 6 5 4 3 2 1 1103 (11)
1013 1 2 3 4 5 6 7 8 9 1015 54 53 52 51 1103 55 (11)
36 1 2 3 4 5 6 7 8 9 32 31 33 34 35 55 54 53 52 51 (11)
12 1 2 3 4 5 6 7 8 9 10 11 13 1013 (11)
1010 1 2 3 4 5 6 7 8 9 10 11 34 32 31 33 (11)
37 1 2 3 4 5 6 7 8 9 32 31 33 34 35 36 (11)
36 1 2 3 4 5 6 7 8 9 32 31 33 34 35 55 54 53 52 51 10 (10)
12 1 2 3 4 5 6 7 8 9 10 11 13 34 32 31 33 (10)
1010 1 2 3 4 5 6 7 8 9 10 11 1013 34 32 31 33 (10)
1010 1 2 3 4 5 6 7 8 9 10 11 12 13 (10)
41 1 2 3 4 5 6 7 8 9 10 42 43 (10)
1013 1 2 3 4 5 6 7 8 9 1015 54 53 52 51 1103 55 33 32 31 (9)
1013 1 2 3 4 5 6 7 8 9 1015 54 53 52 51 1103 34 32 31 33 (9)
1010 1 2 3 4 5 6 7 8 9 10 11 35 32 31 33 34 (9)
1010 1 2 3 4 5 6 7 8 9 10 11 36 32 31 33 34 35 (9)
1010 1 2 3 4 5 6 7 8 9 10 11 12 13 1013 (9)
1013 1 2 3 4 5 6 7 8 9 1015 54 53 52 51 1103 34 32 31 33 55 (8)
12 1 2 3 4 5 6 7 8 9 10 11 13 1013 34 32 31 33 (8)
12 1 2 3 4 5 6 7 8 9 10 11 13 35 32 31 33 34 (8)
12 1 2 3 4 5 6 7 8 9 10 11 13 36 32 31 33 34 35 (8)
1010 1 2 3 4 5 6 7 8 9 10 11 12 13 34 32 31 33 (8)
37 1 2 3 4 5 6 7 8 9 32 31 33 34 35 36 55 54 53 52 51 (8)
92 1 2 3 4 5 6 7 8 9 10 11 54 53 52 51 55 1103 1015 56 91 93 (8)
1013 1 2 3 4 5 6 7 8 9 1015 54 53 52 51 1103 34 32 31 33 55 11 10 (7)
1010 1 2 3 4 5 6 7 8 9 10 11 12 13 1013 34 32 31 33 (7)
37 1 2 3 4 5 6 7 8 9 32 31 33 34 35 36 55 54 53 52 51 10 (7)
37 1 2 3 4 5 6 7 8 9 32 31 33 34 35 36 12 10 11 13 (7)
92 1 2 3 4 5 6 7 8 9 10 11 54 53 52 51 55 1103 1015 56 91 93 41 42 43 (7)
12 1 2 3 4 5 6 7 8 9 10 11 13 36 32 31 33 34 35 1013 (6)
1010 1 2 3 4 5 6 7 8 9 10 11 12 13 35 32 31 33 34 (6)
1010 1 2 3 4 5 6 7 8 9 10 11 12 13 36 32 31 33 34 35 (6)
37 1 2 3 4 5 6 7 8 9 32 31 33 34 35 36 1010 10 11 (6)
15 1 2 3 4 5 6 7 8 9 10 11 54 53 52 51 55 13 12 14 (6)
1101 1 2 3 4 5 6 7 8 9 10 32 31 33 34 35 36 37 (6)
94 1 2 3 4 5 6 7 8 9 10 11 54 53 52 51 55 1103 1015 13 56 12 91 93 92 (6)
1010 1 2 3 4 5 6 7 8 9 10 11 12 13 36 32 31 33 34 35 1013 (5)
37 1 2 3 4 5 6 7 8 9 32 31 33 34 35 36 12 10 11 13 55 54 53 52 51 (5)
37 1 2 3 4 5 6 7 8 9 32 31 33 34 35 36 12 10 11 13 1013 (5)
92 1 2 3 4 5 6 7 8 9 10 11 54 53 52 51 55 1103 1015 56 91 93 41 42 43 12 13 (5)
1025 1 2 3 4 5 6 7 8 9 10 32 31 33 34 35 36 37 1101 (5)
94 1 2 3 4 5 6 7 8 9 10 11 54 53 52 51 55 1103 1015 13 56 12 91 93 92 41 42 43 (5)
41 1 2 3 4 5 6 7 8 9 10 42 43 37 32 31 33 34 35 36 (4)
92 1 2 3 4 5 6 7 8 9 10 11 54 53 52 51 55 1103 1015 56 91 93 14 1013 13 12 (4)
1025 1 2 3 4 5 6 7 8 9 10 32 31 33 34 35 36 37 1101 55 54 53 52 51 (4)
1025 1 2 3 4 5 6 7 8 9 10 32 31 33 34 35 36 37 1101 13 11 (4)
1025 1 2 3 4 5 6 7 8 9 10 32 31 33 34 35 36 37 1101 12 11 13 (4)
1025 1 2 3 4 5 6 7 8 9 10 32 31 33 34 35 36 37 1101 1010 11 13 12 (4)
38 1 2 3 4 5 6 7 8 9 32 31 33 34 35 36 37 (4)
37 1 2 3 4 5 6 7 8 9 32 31 33 34 35 36 12 10 11 13 1013 55 54 53 52 51 (3)
92 1 2 3 4 5 6 7 8 9 10 11 54 53 52 51 55 1103 1015 56 91 93 14 1013 13 12 41 32 31 33 1010 42 43 (3)
15 1 2 3 4 5 6 7 8 9 10 11 54 53 52 51 55 13 12 14 92 1103 1015 1013 56 91 93 (3)
1025 1 2 3 4 5 6 7 8 9 10 32 31 33 34 35 36 37 1101 1013 11 (3)
1025 1 2 3 4 5 6 7 8 9 10 32 31 33 34 35 36 37 1101 1010 11 13 12 55 54 53 52 51 (3)
1025 1 2 3 4 5 6 7 8 9 10 32 31 33 34 35 36 37 1101 1010 11 13 12 1013 (3)
94 1 2 3 4 5 6 7 8 9 10 11 54 53 52 51 55 1103 1015 13 56 12 91 93 92 14 1013 (3)
15 1 2 3 4 5 6 7 8 9 10 11 54 53 52 51 55 13 12 14 92 1103 1015 1013 56 91 93 41 32 31 33 1010 42 43 (2)
1025 1 2 3 4 5 6 7 8 9 10 32 31 33 34 35 36 37 1101 14 11 1013 13 12 1010 (2)
94 1 2 3 4 5 6 7 8 9 10 11 54 53 52 51 55 1103 1015 13 56 12 91 93 92 14 1013 41 32 31 33 1010 42 43 (2)
94 1 2 3 4 5 6 7 8 9 10 11 54 53 52 51 55 1103 1015 13 56 12 91 93 92 15 1013 14 (2)
57 1 2 3 4 5 6 7 8 9 10 54 53 52 51 32 31 33 55 34 35 36 56 37 1101 1025 (2)
1011 1 2 3 4 5 6 7 8 9 10 11 54 53 52 51 55 1103 1015 13 56 12 14 15 (2)
16 1 2 3 4 5 6 7 8 9 10 11 54 53 52 51 55 1103 1015 13 56 12 14 15 1011 (2)
15 1 2 3 4 5 6 7 8 9 10 11 54 53 52 51 55 13 12 14 92 1103 1015 1013 56 91 93 41 32 31 33 1010 42 43 34 (1)
1025 1 2 3 4 5 6 7 8 9 10 32 31 33 34 35 36 37 1101 15 11 54 53 52 51 55 1013 13 12 1010 14 (1)
94 1 2 3 4 5 6 7 8 9 10 11 54 53 52 51 55 1103 1015 13 56 12 91 93 92 41 42 43 37 32 31 33 34 35 36 (1)
94 1 2 3 4 5 6 7 8 9 10 11 54 53 52 51 55 1103 1015 13 56 12 91 93 92 14 1013 41 32 31 33 1010 42 43 34 (1)
94 1 2 3 4 5 6 7 8 9 10 11 54 53 52 51 55 1103 1015 13 56 12 91 93 92 15 1013 14 41 32 31 33 1010 42 43 (1)
57 1 2 3 4 5 6 7 8 9 10 54 53 52 51 32 31 33 55 34 35 36 56 37 1101 1025 1010 11 13 12 (1)
58 1 2 3 4 5 6 7 8 9 10 54 53 52 51 32 31 33 55 34 35 36 56 37 42 43 41 1101 1025 38 57 (1)
95 1 2 3 4 5 6 7 8 9 10 11 54 53 52 51 55 1103 1015 1013 13 56 12 91 14 93 92 15 94 1011 16 (1)
131 1 2 3 4 5 6 7 8 9 10 11 32 31 33 1103 34 1015 35 36 37 42 43 41 1101 38 (1)
1019 1 2 3 4 5 6 7 8 9 10 11 54 53 52 51 55 1103 1015 13 56 12 14 15 1011 16 17 18 19 (1)
